$ 1 2.604166666666667e-7 382.76258214399064 50 5 43 5e-11
155 -320 240 -288 240 14 5
w -224 240 -160 272 0
w -64 240 0 272 0
155 -160 240 -128 240 14 0
w 96 240 160 272 0
155 0 240 32 240 14 0
w 256 240 320 272 0
155 160 240 192 240 14 0
155 800 240 832 240 14 5
155 640 240 672 240 14 0
w 736 240 800 272 0
155 480 240 512 240 14 5
w 576 240 640 272 0
w 416 240 480 272 0
155 320 240 352 240 14 0
w -224 304 -224 336 0
w -224 336 -64 336 0
w -64 336 -64 304 0
w -64 336 96 336 0
w 96 336 96 304 0
w 96 336 256 336 0
w 256 336 256 304 0
w 256 336 416 336 0
w 416 336 416 304 0
w 416 336 576 336 0
w 576 336 576 304 0
w 576 336 736 336 0
w 736 336 736 304 0
w 736 336 896 336 0
w 896 336 896 304 0
w 736 272 752 272 0
w 752 272 752 208 0
w 752 208 640 208 0
w 640 208 640 240 0
w 896 272 912 272 0
w 912 272 912 208 0
w 912 208 800 208 0
w 800 208 800 240 0
w 800 304 800 352 0
w 800 352 640 352 0
w 640 352 640 304 0
w 640 352 480 352 0
w 480 352 480 304 0
w 576 272 592 272 0
w 592 272 592 208 0
w 592 208 480 208 0
w 480 208 480 240 0
w 480 352 320 352 0
w 320 352 320 304 0
w 416 272 432 272 0
w 432 272 432 208 0
w 432 208 320 208 0
w 320 208 320 240 0
w 256 272 272 272 0
w 272 272 272 208 0
w 272 208 160 208 0
w 160 208 160 240 0
w 320 352 160 352 0
w 160 352 160 304 0
w 160 352 0 352 0
w 0 352 0 304 0
w 96 272 112 272 0
w 112 272 112 208 0
w 112 208 0 208 0
w 0 208 0 240 0
w 0 352 -160 352 0
w -160 352 -160 304 0
w -64 272 -48 272 0
w -48 272 -48 208 0
w -48 208 -160 208 0
w -160 208 -160 240 0
w -160 352 -320 352 0
w -320 352 -320 304 0
w -224 272 -208 272 0
w -208 272 -208 208 0
w -208 208 -320 208 0
w -320 208 -320 240 0
419 912 -16 928 -16 2048 8
w 912 176 752 176 0
w 752 176 752 208 0
w 912 144 592 144 0
w 592 144 592 208 0
w 912 112 432 112 0
w 432 112 432 208 0
w 912 80 272 80 0
w 272 80 272 208 0
w 912 48 112 48 0
w 112 48 112 208 0
w -48 208 -48 16 0
w -48 16 912 16 0
w 912 -16 -208 -16 0
w -208 208 -208 -16 0
R -320 272 -448 272 1 2 1000 2.5 2.5 0 0.5
150 848 -256 912 -256 0 4 0 5
150 848 -160 912 -160 0 4 0 5
w 928 -224 912 -256 0
w 928 -192 912 -160 0
w 992 -208 1072 -208 0
I 816 -128 848 -128 0 0.5 5
I 720 -272 848 -272 0 0.5 5
w 800 208 800 -128 0
w 800 -128 816 -128 0
w 752 176 752 -144 0
w 752 -144 848 -144 0
w 592 144 592 -176 0
w 592 -176 848 -176 0
w 432 112 432 -192 0
w 432 -192 720 -192 0
w 272 80 272 -224 0
w 272 -224 720 -224 0
w 112 48 112 -240 0
w 112 -240 720 -240 0
w -48 16 -48 -272 0
w -48 -272 720 -272 0
w -208 -16 -208 -288 0
w -208 -288 848 -288 0
150 928 -208 992 -208 0 2 0 5
w 928 352 896 352 0
w 896 352 800 352 0
w 1072 -208 1072 336 0
w 1072 336 1040 336 0
R 896 336 944 336 0 0 40 5 0 0 0.5
L 1040 368 1072 368 0 0 false 5 0
154 1040 352 960 352 0 2 0 5
I 960 352 928 352 0 0.5 5
I 720 -192 848 -192 0 0.5 5
I 720 -240 848 -240 0 0.5 5
I 720 -224 848 -224 0 0.5 5
